         C1   C2   C3 col1 col2 WT.1 WT.2 WT.3 WTrep1 WTrep2 WTrep3
C1     1.00 0.99 0.99 0.61 0.61 0.39 0.36 0.35   0.58   0.58   0.58
C2     0.99 1.00 0.99 0.62 0.61 0.44 0.42 0.41   0.58   0.57   0.58
C3     0.99 0.99 1.00 0.63 0.63 0.41 0.39 0.38   0.59   0.57   0.59
col1   0.61 0.62 0.63 1.00 1.00 0.26 0.24 0.23   0.62   0.60   0.64
col2   0.61 0.61 0.63 1.00 1.00 0.27 0.24 0.23   0.62   0.61   0.65
WT.1   0.39 0.44 0.41 0.26 0.27 1.00 0.99 0.99   0.12   0.11   0.11
WT.2   0.36 0.42 0.39 0.24 0.24 0.99 1.00 1.00   0.10   0.09   0.09
WT.3   0.35 0.41 0.38 0.23 0.23 0.99 1.00 1.00   0.09   0.08   0.08
WTrep1 0.58 0.58 0.59 0.62 0.62 0.12 0.10 0.09   1.00   0.96   0.95
WTrep2 0.58 0.57 0.57 0.60 0.61 0.11 0.09 0.08   0.96   1.00   0.98
WTrep3 0.58 0.58 0.59 0.64 0.65 0.11 0.09 0.08   0.95   0.98   1.00




> round(rho.log, 2)
         C1   C2   C3 col1 col2 WT.1 WT.2 WT.3 WTrep1 WTrep2 WTrep3
C1     1.00 0.99 0.99 0.70 0.70 0.59 0.58 0.56   0.62   0.64   0.65
C2     0.99 1.00 0.99 0.71 0.70 0.58 0.57 0.56   0.61   0.63   0.64
C3     0.99 0.99 1.00 0.71 0.71 0.59 0.58 0.57   0.62   0.63   0.64
col1   0.70 0.71 0.71 1.00 0.99 0.73 0.72 0.71   0.65   0.65   0.67
col2   0.70 0.70 0.71 0.99 1.00 0.73 0.72 0.71   0.65   0.65   0.67
WT.1   0.59 0.58 0.59 0.73 0.73 1.00 0.98 0.97   0.54   0.53   0.55
WT.2   0.58 0.57 0.58 0.72 0.72 0.98 1.00 0.98   0.54   0.53   0.55
WT.3   0.56 0.56 0.57 0.71 0.71 0.97 0.98 1.00   0.54   0.52   0.54
WTrep1 0.62 0.61 0.62 0.65 0.65 0.54 0.54 0.54   1.00   0.98   0.98
WTrep2 0.64 0.63 0.63 0.65 0.65 0.53 0.53 0.52   0.98   1.00   0.98
WTrep3 0.65 0.64 0.64 0.67 0.67 0.55 0.55 0.54   0.98   0.98   1.00


  C1     C2     C3   col1   col2   WT.1   WT.2   WT.3 WTrep1 
  7925   8825   7410   3728   2228   4287   5099   5678    286 
WTrep2 WTrep3 
   470    614 
 [1] 7486.7503 9283.2939 7477.3468 3731.5697 2225.8216 4083.3152
 [7] 5768.5021 5322.6905  278.2363  495.1941  598.5009
 [1] 0.007743662 0.007743662 0.007743662 0.007583347 0.007583347
 [6] 0.007669873 0.007669873 0.007669873 0.007718247 0.007718247
[11] 0.007718247
    C1     C2     C3   col1   col2   WT.1   WT.2   WT.3 WTrep1 
  1875   2548   1987   3669   2148   1175   1806   1452    684 
WTrep2 WTrep3 
   971   1283 

[1] 1973.4641 2447.0227 1970.9854 3635.4487 2168.4870 1189.3929
 [7] 1680.2561 1550.3996  606.5883 1079.5821 1304.8032
 [1] 0.007618142 0.007618142 0.007618142 0.007579533 0.007579533
 [6] 0.007642592 0.007642592 0.007642592 0.007560274 0.007560274
[11] 0.007560274



[1] 0.007564007 0.007564007 0.007564007 0.009674329 0.009674329
 [6] 0.011460990 0.011460990 0.011460990 0.007586071 0.007586071
[11] 0.007586071


 [1] 0.007777501 0.007777501 0.007777501 0.007594500 0.007594500
 [6] 0.007583948 0.007583948 0.007583948 0.008273509 0.008273509
[11] 0.008273509

 [1] 0.008348010 0.008348010 0.008348010 0.008546185 0.008546185
 [6] 0.014043951 0.014043951 0.014043951 0.011953294 0.011953294
[11] 0.011953294

 [1] 0.008203479 0.008203479 0.008203479 0.008586345 0.008586345
 [6] 0.011551411 0.011551411 0.011551411 0.009741383 0.009741383
[11] 0.009741383


[1] 0.007560251 0.007560251 0.007560251 0.007563331 0.007563331
 [6] 0.008641487 0.008641487 0.008641487 0.007625749 0.007625749
[11] 0.007625749


 [1] 0.008604658 0.008604658 0.008604658 0.009571452 0.009571452
 [6] 0.008095031 0.008095031 0.008095031 0.009349388 0.009349388
[11] 0.009349388

 [1] 0.00852232 0.00852232 0.00852232 0.01075892 0.01075892
 [6] 0.00832539 0.00832539 0.00832539 0.01123545 0.01123545
[11] 0.01123545


 [1] 0.009427407 0.009427407 0.009427407 0.008550929 0.008550929
 [6] 0.009875393 0.009875393 0.009875393 0.010289133 0.010289133
[11] 0.010289133

[1] 0.007749267 0.007749267 0.007749267 0.007967055 0.007967055
 [6] 0.010865611 0.010865611 0.010865611 0.008231538 0.008231538
[11] 0.008231538


[1] 0.008734212 0.008734212 0.008734212 0.007560502 0.007560502
 [6] 0.007650579 0.007650579 0.007650579 0.007564270 0.007564270
[11] 0.007564270


 [1] 0.007612748 0.007612748 0.007612748 0.007879092 0.007879092
 [6] 0.007573031 0.007573031 0.007573031 0.007954300 0.007954300
[11] 0.007954300

[1] 0.007579335 0.007579335 0.007579335 0.007646620 0.007646620
 [6] 0.008959732 0.008959732 0.008959732 0.007560384 0.007560384
[11] 0.007560384


 [1] 0.007758074 0.007758074 0.007758074 0.008247122 0.008247122
 [6] 0.008278259 0.008278259 0.008278259 0.007827122 0.007827122
[11] 0.007827122



[1] 0.01034924 0.01034924 0.01034924 0.01153590 0.01153590
 [6] 0.01997136 0.01997136 0.01997136 0.01133115 0.01133115
[11] 0.01133115


[1] 0.008795390 0.008795390 0.008795390 0.009944521 0.009944521
 [6] 0.010681104 0.010681104 0.010681104 0.011934032 0.011934032
[11] 0.011934032

 [1] 0.007707950 0.007707950 0.007707950 0.007841236 0.007841236
 [6] 0.045015975 0.045015975 0.045015975 0.007586856 0.007586856
[11] 0.007586856

[1] 0.007789777 0.007789777 0.007789777 0.007714189 0.007714189
 [6] 0.008609049 0.008609049 0.008609049 0.008259560 0.008259560
[11] 0.008259560


[1] 0.007819804 0.007819804 0.007819804 0.007734649 0.007734649
 [6] 0.009124643 0.009124643 0.009124643 0.008213917 0.008213917
[11] 0.008213917

[1] 0.008509403 0.008509403 0.008509403 0.008423871 0.008423871
 [6] 0.017386141 0.017386141 0.017386141 0.008504342 0.008504342
[11] 0.008504342

[1] 0.01289554 0.01289554 0.01289554 0.01684752 0.01684752
 [6] 0.01106974 0.01106974 0.01106974 0.01129459 0.01129459
[11] 0.01129459

[1] 0.01264603 0.01264603 0.01264603 0.01409918 0.01409918
 [6] 0.01080334 0.01080334 0.01080334 0.01043613 0.01043613
[11] 0.01043613

 [1] 0.007743663 0.007743663 0.007743663 0.007641435 0.007641435
 [6] 0.013127213 0.013127213 0.013127213 0.008044458 0.008044458
[11] 0.008044458

[1] 0.007618142 0.007618142 0.007618142 0.007579533 0.007579533
 [6] 0.007642592 0.007642592 0.007642592 0.007560274 0.007560274
[11] 0.007560274


